8
100
QFITO 1
0 0 0 0 0 0 0 0 0 0 0 0 0 0 0 0 
0 0 0 0 0 0 0 0 0 0 0 0 0 0 0 0 
0 0 0 0 0 0 0 0 0 0 0 0 0 0 0 0 
0 0 0 0 0 0 0 0 0 0 0 0 0 0 0 0 
0 0 0 0 0 0 0 0 0 0 0 0 0 0 0 0 
0 0 0 0 0 0 0 0 0 0 0 0 0 0 0 0 
0 0 0 0 0 0 0 0 0 0 0 0 0 0 0 0 
0 0 0 0 0 0 0 1 1 0 0 0 0 0 0 0 
0 0 0 0 0 0 0 1 1 0 0 0 0 0 0 0 
0 0 0 0 0 0 0 0 0 0 0 0 0 0 0 0 
0 0 0 0 0 0 0 0 0 0 0 0 0 0 0 0 
0 0 0 0 0 0 0 0 0 0 0 0 0 0 0 0 
0 0 0 0 0 0 0 0 0 0 0 0 0 0 0 0 
0 0 0 0 0 0 0 0 0 0 0 0 0 0 0 0 
0 0 0 0 0 0 0 0 0 0 0 0 0 0 0 0 
0 0 0 0 0 0 0 0 0 0 0 0 0 0 0 0 
QFITO 2
0 0 0 0 0 0 0 0 0 0 0 0 0 0 0 0 
0 0 0 0 0 0 0 0 0 0 0 0 0 0 0 0 
0 0 0 0 0 0 0 0 0 0 0 0 0 0 0 0 
0 0 0 0 0 0 0 0 0 0 0 0 0 0 0 0 
0 0 0 0 0 0 0 0 0 0 0 0 0 0 0 0 
0 0 0 0 0 0 0 0 0 0 0 0 0 0 0 0 
0 0 0 0 0 0 1 1 1 1 0 0 0 0 0 0 
0 0 0 0 0 0 1 1 1 1 0 0 0 0 0 0 
0 0 0 0 0 0 1 1 1 1 0 0 0 0 0 0 
0 0 0 0 0 0 1 1 1 1 0 0 0 0 0 0 
0 0 0 0 0 0 0 0 0 0 0 0 0 0 0 0 
0 0 0 0 0 0 0 0 0 0 0 0 0 0 0 0 
0 0 0 0 0 0 0 0 0 0 0 0 0 0 0 0 
0 0 0 0 0 0 0 0 0 0 0 0 0 0 0 0 
0 0 0 0 0 0 0 0 0 0 0 0 0 0 0 0 
0 0 0 0 0 0 0 0 0 0 0 0 0 0 0 0 
QFITO 3
0 0 0 0 0 0 0 0 0 0 0 0 0 0 0 0 
0 0 0 0 0 0 0 0 0 0 0 0 0 0 0 0 
0 0 0 0 0 0 0 0 0 0 0 0 0 0 0 0 
0 0 0 0 0 0 0 0 0 0 0 0 0 0 0 0 
0 0 0 0 0 0 0 0 0 0 0 0 0 0 0 0 
0 0 0 0 0 1 1 1 1 1 1 0 0 0 0 0 
0 0 0 0 0 1 1 1 1 1 1 0 0 0 0 0 
0 0 0 0 0 1 1 1 1 1 1 0 0 0 0 0 
0 0 0 0 0 1 1 1 1 1 1 0 0 0 0 0 
0 0 0 0 0 1 1 1 1 1 1 0 0 0 0 0 
0 0 0 0 0 1 1 1 1 1 1 0 0 0 0 0 
0 0 0 0 0 0 0 0 0 0 0 0 0 0 0 0 
0 0 0 0 0 0 0 0 0 0 0 0 0 0 0 0 
0 0 0 0 0 0 0 0 0 0 0 0 0 0 0 0 
0 0 0 0 0 0 0 0 0 0 0 0 0 0 0 0 
0 0 0 0 0 0 0 0 0 0 0 0 0 0 0 0 
QFITO 4
0 0 0 0 0 0 0 0 0 0 0 0 0 0 0 0 
0 0 0 0 0 0 0 0 0 0 0 0 0 0 0 0 
0 0 0 0 0 0 0 0 0 0 0 0 0 0 0 0 
0 0 0 0 0 0 0 0 0 0 0 0 0 0 0 0 
0 0 0 0 1 1 1 1 1 1 1 1 0 0 0 0 
0 0 0 0 1 1 1 1 1 1 1 1 0 0 0 0 
0 0 0 0 1 1 1 1 1 1 1 1 0 0 0 0 
0 0 0 0 1 1 1 1 1 1 1 1 0 0 0 0 
0 0 0 0 1 1 1 1 1 1 1 1 0 0 0 0 
0 0 0 0 1 1 1 1 1 1 1 1 0 0 0 0 
0 0 0 0 1 1 1 1 1 1 1 1 0 0 0 0 
0 0 0 0 1 1 1 1 1 1 1 1 0 0 0 0 
0 0 0 0 0 0 0 0 0 0 0 0 0 0 0 0 
0 0 0 0 0 0 0 0 0 0 0 0 0 0 0 0 
0 0 0 0 0 0 0 0 0 0 0 0 0 0 0 0 
0 0 0 0 0 0 0 0 0 0 0 0 0 0 0 0 
QFITO 5
0 0 0 0 0 0 0 0 0 0 0 0 0 0 0 0 
0 0 0 0 0 0 0 0 0 0 0 0 0 0 0 0 
0 0 0 0 0 0 0 0 0 0 0 0 0 0 0 0 
0 0 0 1 1 1 1 1 1 1 1 1 1 0 0 0 
0 0 0 1 1 1 1 1 1 1 1 1 1 0 0 0 
0 0 0 1 1 1 1 1 1 1 1 1 1 0 0 0 
0 0 0 1 1 1 1 1 1 1 1 1 1 0 0 0 
0 0 0 1 1 1 1 1 1 1 1 1 1 0 0 0 
0 0 0 1 1 1 1 1 1 1 1 1 1 0 0 0 
0 0 0 1 1 1 1 1 1 1 1 1 1 0 0 0 
0 0 0 1 1 1 1 1 1 1 1 1 1 0 0 0 
0 0 0 1 1 1 1 1 1 1 1 1 1 0 0 0 
0 0 0 1 1 1 1 1 1 1 1 1 1 0 0 0 
0 0 0 0 0 0 0 0 0 0 0 0 0 0 0 0 
0 0 0 0 0 0 0 0 0 0 0 0 0 0 0 0 
0 0 0 0 0 0 0 0 0 0 0 0 0 0 0 0 
QFITO 6
0 0 0 0 0 0 0 0 0 0 0 0 0 0 0 0 
0 0 0 0 0 0 0 0 0 0 0 0 0 0 0 0 
0 0 1 1 1 1 1 1 1 1 1 1 1 1 0 0 
0 0 1 1 1 1 1 1 1 1 1 1 1 1 0 0 
0 0 1 1 1 1 1 1 1 1 1 1 1 1 0 0 
0 0 1 1 1 1 1 1 1 1 1 1 1 1 0 0 
0 0 1 1 1 1 1 1 1 1 1 1 1 1 0 0 
0 0 1 1 1 1 1 1 1 1 1 1 1 1 0 0 
0 0 1 1 1 1 1 1 1 1 1 1 1 1 0 0 
0 0 1 1 1 1 1 1 1 1 1 1 1 1 0 0 
0 0 1 1 1 1 1 1 1 1 1 1 1 1 0 0 
0 0 1 1 1 1 1 1 1 1 1 1 1 1 0 0 
0 0 1 1 1 1 1 1 1 1 1 1 1 1 0 0 
0 0 1 1 1 1 1 1 1 1 1 1 1 1 0 0 
0 0 0 0 0 0 0 0 0 0 0 0 0 0 0 0 
0 0 0 0 0 0 0 0 0 0 0 0 0 0 0 0 
QFITO 7
0 0 0 0 0 0 0 0 0 0 0 0 0 0 0 0 
0 1 1 1 1 1 1 1 1 1 1 1 1 1 1 0 
0 1 1 1 1 1 1 1 1 1 1 1 1 1 1 0 
0 1 1 1 1 1 1 1 1 1 1 1 1 1 1 0 
0 1 1 1 1 1 1 1 1 1 1 1 1 1 1 0 
0 1 1 1 1 1 1 1 1 1 1 1 1 1 1 0 
0 1 1 1 1 1 1 1 1 1 1 1 1 1 1 0 
0 1 1 1 1 1 1 1 1 1 1 1 1 1 1 0 
0 1 1 1 1 1 1 1 1 1 1 1 1 1 1 0 
0 1 1 1 1 1 1 1 1 1 1 1 1 1 1 0 
0 1 1 1 1 1 1 1 1 1 1 1 1 1 1 0 
0 1 1 1 1 1 1 1 1 1 1 1 1 1 1 0 
0 1 1 1 1 1 1 1 1 1 1 1 1 1 1 0 
0 1 1 1 1 1 1 1 1 1 1 1 1 1 1 0 
0 1 1 1 1 1 1 1 1 1 1 1 1 1 1 0 
0 0 0 0 0 0 0 0 0 0 0 0 0 0 0 0 
QFITO 8
1 1 1 1 1 1 1 1 1 1 1 1 1 1 1 1 
1 1 1 1 1 1 1 1 1 1 1 1 1 1 1 1 
1 1 1 1 1 1 1 1 1 1 1 1 1 1 1 1 
1 1 1 1 1 1 1 1 1 1 1 1 1 1 1 1 
1 1 1 1 1 1 1 1 1 1 1 1 1 1 1 1 
1 1 1 1 1 1 1 1 1 1 1 1 1 1 1 1 
1 1 1 1 1 1 1 1 1 1 1 1 1 1 1 1 
1 1 1 1 1 1 1 1 1 1 1 1 1 1 1 1 
1 1 1 1 1 1 1 1 1 1 1 1 1 1 1 1 
1 1 1 1 1 1 1 1 1 1 1 1 1 1 1 1 
1 1 1 1 1 1 1 1 1 1 1 1 1 1 1 1 
1 1 1 1 1 1 1 1 1 1 1 1 1 1 1 1 
1 1 1 1 1 1 1 1 1 1 1 1 1 1 1 1 
1 1 1 1 1 1 1 1 1 1 1 1 1 1 1 1 
1 1 1 1 1 1 1 1 1 1 1 1 1 1 1 1 
1 1 1 1 1 1 1 1 1 1 1 1 1 1 1 1 
